0
0
0
0
0
0
0
0
0
0
0
0
0
0
0
0
0
0
0
0
0
0
0
0
0
0
0
0
0
0
0
0
0
0
0
0
0
0
0
0
0
0
0
0
0
0
0
0
0
0
0
0
0
0
0
0
0
0
0
0
0
0
0
0
0
0
0
0
0
0
0
0 0
чет, 01 сеп 16:26:51 CEST 2016
0 1
чет, 01 сеп 16:27:14 CEST 2016
0 2
чет, 01 сеп 16:27:41 CEST 2016
0 3
чет, 01 сеп 16:28:15 CEST 2016
0 4
чет, 01 сеп 16:28:53 CEST 2016
0 5
чет, 01 сеп 16:29:39 CEST 2016
0 6
чет, 01 сеп 16:30:37 CEST 2016
0 7
чет, 01 сеп 16:31:37 CEST 2016
0 8
чет, 01 сеп 16:32:40 CEST 2016
0 9
чет, 01 сеп 16:33:50 CEST 2016
0 10
чет, 01 сеп 16:35:07 CEST 2016
0 11
чет, 01 сеп 16:36:32 CEST 2016
